Len   |  Lev  | D-Lev |  Ham  | Jac2  | Jac3  | Cos2  | Cos3  | Qgr2  | Qgr3  |  Jaro | J-Wink|  LCS
--------------------------------------------------------------------------------------------------------------
   64 |  0.12 |  0.08 |  0.05 |  0.06 |  0.09 |  0.08 |  0.08 |  0.06 |  0.09 |  0.05 |  0.07 |  0.06
  128 |  0.12 |  0.23 |  0.05 |  0.10 |  0.10 |  0.10 |  0.09 |  0.10 |  0.12 |  0.08 |  0.07 |  0.13
  256 |  0.30 |  1.55 |  0.06 |  0.19 |  0.13 |  0.12 |  0.20 |  0.19 |  0.13 |  0.08 |  0.11 |  0.25
  512 |  3.46 |  8.14 |  0.07 |  0.33 |  0.33 |  0.33 |  0.28 |  0.33 |  0.23 |  0.16 |  0.16 |  3.20
 1024 | 18.91 | 30.19 |  0.09 |  0.41 |  0.75 |  0.63 |  0.48 |  0.41 |  0.74 |  0.43 |  0.27 | 16.96
 2048 | 71.74 | 132.72 |  0.12 |  0.82 |  1.00 |  1.05 |  1.59 |  1.12 |  1.73 |  1.57 |  0.91 | 65.83
 4096 | 260.68 | 590.49 |  0.07 |  2.03 |  2.96 |  1.36 |  2.98 |  1.70 |  2.27 |  3.44 |  3.51 | 249.31


Длина |  Lev  | D-Lev |  Ham  | Jac2  | Jac3  | Cos2  | Cos3  | Qgr2  | Qgr3  |  Jaro | J-Wink|  LCS
--------------------------------------------------------------------------------------------------------------
   64 |  0.18 |  0.29 |  0.13 |  0.21 |  0.21 |  0.20 |  0.21 |  0.21 |  0.21 |  0.14 |  0.14 |  0.20
  128 |  0.36 |  0.71 |  0.13 |  0.22 |  0.22 |  0.22 |  0.22 |  0.21 |  0.22 |  0.15 |  0.16 |  0.24
  256 |  0.69 |  2.74 |  0.14 |  0.31 |  0.33 |  0.30 |  0.33 |  0.31 |  0.32 |  0.19 |  0.18 |  0.54
  512 |  2.48 | 11.30 |  0.14 |  0.49 |  0.54 |  0.49 |  0.54 |  0.48 |  0.53 |  0.30 |  0.31 |  2.01
 1024 | 22.27 | 51.74 |  0.15 |  0.87 |  1.04 |  0.86 |  1.03 |  0.85 |  1.03 |  0.74 |  0.74 | 22.53
 2048 | 95.70 | 214.94 |  0.16 |  1.49 |  2.11 |  1.47 |  2.09 |  1.46 |  2.09 |  2.40 |  2.40 | 95.86
 4096 | 476.28 | 902.20 |  0.19 |  2.63 |  4.58 |  2.60 |  4.55 |  2.61 |  4.53 |  8.93 |  8.94 | 487.09